0 9.804136
5 9.456485
10 9.376172
15 9.299426
20 9.281467
25 9.26428
30 9.26809
35 9.274765
40 9.269133
45 9.276111
50 9.260637
55 9.284309
60 9.281196
65 9.282216
70 9.27996
75 9.270342
80 9.271609
85 9.2796955
90 9.287811
95 9.279238
100 9.281668
105 9.276589
110 9.280247
115 9.272693
120 9.254973
125 9.192184
130 9.129301
135 9.072397
140 9.021283
145 8.993694
150 8.95025
155 8.939431
160 8.91791
165 8.892704
170 8.866233
175 8.837439
180 8.823649
185 8.823781
190 8.830592
195 8.818027
200 8.798116
205 8.815318
210 8.795825
215 8.794397
220 8.805516
225 8.816627
230 8.806472
235 8.800304
240 8.792017
245 8.80039
250 8.806442
255 8.795626
260 8.783077
265 8.791533
270 8.7743025
275 8.790554
280 8.772553
285 8.774244
290 8.770013
295 8.776254
300 8.751036
305 8.763562
310 8.773688
315 8.784419
