0 17.661402
5 10.269826
10 9.398994
15 9.024787
20 8.78936
25 8.641722
30 8.626364
35 8.588572
40 8.478023
45 8.481147
50 8.345806
55 8.315139
60 8.310553
65 8.27177
70 8.201804
75 8.200262
80 8.272141
85 8.214836
90 8.2027
95 8.187722
100 8.143065
105 8.169947
110 8.160161
115 8.08455
120 8.086555
125 8.084265
130 8.069488
135 8.061796
140 8.067673
145 8.014549
150 8.028844
155 8.024652
160 8.0164385
165 7.98332
170 8.032478
175 7.979996
180 8.096127
185 8.30232
190 8.394862
195 8.534001
200 8.680486
205 8.761321
210 8.824737
215 8.932707
220 8.948195
225 9.097412
230 9.143835
235 9.215108
240 9.27136
245 9.350331
250 9.438924
255 9.518695
260 9.540591
265 9.503721
270 9.534785
275 9.518395
280 9.567773
285 9.661859
290 9.684844
295 9.704576
300 9.7039995
305 9.710457
310 9.690733
315 9.73566
320 9.812126
325 9.812265
330 9.777313
335 9.884385
340 9.873942
345 9.97564
350 10.043164
355 10.0842285
360 10.104378
365 10.100179
370 10.146164
375 10.1228485
