0 9.976695
5 9.746315
10 9.656524
15 9.636902
20 9.619438
25 9.611001
30 9.612346
35 9.610564
40 9.593726
45 9.604926
50 9.588247
55 9.58964
60 9.585482
65 9.58114
70 9.577962
75 9.583757
80 9.573787
85 9.587588
90 9.574625
95 9.590762
100 9.578706
105 9.580745
110 9.570127
115 9.58103
120 9.581633
125 9.557132
130 9.511485
135 9.475715
140 9.462291
145 9.434038
150 9.409055
155 9.391782
160 9.362026
165 9.363331
170 9.358271
175 9.339628
180 9.348517
185 9.340178
190 9.332524
195 9.319051
200 9.317749
205 9.3315525
210 9.315423
215 9.309009
220 9.306777
225 9.312339
230 9.3117895
235 9.3118
240 9.307676
245 9.319013
250 9.3087015
255 9.304888
260 9.299133
265 9.311347
270 9.306312
275 9.302318
280 9.312848
285 9.31104
290 9.312498
295 9.318144
300 9.31416
305 9.311378
310 9.301437
315 9.310216
