0 9.143145
5 8.796769
10 8.659561
15 8.596428
20 8.5741415
25 8.551109
30 8.536409
35 8.526949
40 8.526018
45 8.52516
50 8.518719
55 8.519186
60 8.513134
65 8.511758
70 8.509634
75 8.508361
80 8.509305
85 8.512912
90 8.511714
95 8.51993
100 8.513452
105 8.512786
110 8.506128
115 8.503506
120 8.500293
125 8.468984
130 8.451082
135 8.430226
140 8.425555
145 8.415793
150 8.410253
155 8.408135
160 8.39093
165 8.386682
170 8.390087
175 8.37898
180 8.37678
185 8.378143
190 8.38322
195 8.387897
200 8.399135
205 8.408039
210 8.417351
215 8.421555
220 8.423054
225 8.426435
230 8.425421
235 8.426666
240 8.424841
245 8.427909
250 8.425688
255 8.422586
260 8.418764
265 8.422767
270 8.436458
275 8.44335
280 8.451372
285 8.449145
290 8.458465
295 8.46085
300 8.471562
305 8.476542
310 8.47685
315 8.480362
