0 2.785939
5 2.2696528
10 2.2148268
15 2.1759434
20 2.0539317
25 1.9830132
30 2.028943
35 1.9698457
40 1.9820849
45 2.0390718
50 1.9622638
55 1.9702876
60 1.975159
65 1.8921893
70 1.9497694
75 1.939425
80 2.0032234
85 1.9408185
90 1.9752309
95 2.0513732
100 2.0183575
105 1.9499477
110 1.9118265
115 1.9497195
120 1.8654991
125 1.8946213
130 1.9343576
135 1.9278055
140 1.9391953
145 1.9317712
150 1.9246222
155 2.0845962
160 1.9154887
165 1.8954269
170 1.8975849
175 2.0698984
180 1.8836774
185 1.893852
190 1.9271467
195 1.9746647
200 1.9954097
205 2.0982895
210 1.6662257
215 1.5436196
220 1.3554779
225 1.1594797
230 1.0570384
235 0.9706396
240 0.88212305
245 0.8258702
250 0.79079205
255 0.77789855
260 0.7800143
265 0.7813677
