0 2.8528342
5 2.409445
10 2.2232797
15 2.0829585
20 2.081701
25 2.059565
30 2.088343
35 2.0549483
40 2.0985427
45 2.1575694
50 2.2150748
55 2.1342144
60 2.1647232
65 2.1644747
70 2.1759262
75 2.2746787
80 2.2633405
85 2.2584448
90 2.2460177
95 2.2205555
100 2.2279832
105 2.3132122
110 2.2527022
115 2.22748
120 2.3862507
125 2.285467
130 2.2964056
135 2.2417889
140 2.2247179
145 2.246867
150 2.3306797
155 2.3849263
160 2.2938683
165 2.2935076
170 2.2478619
175 2.2566915
180 2.268171
185 2.2675862
190 2.350651
195 2.2891767
200 2.50341
205 2.5455155
210 2.0095947
215 1.8156651
220 1.6479571
225 1.5560595
230 1.5365436
235 1.456789
240 1.38766
245 1.3479451
250 1.3207053
255 1.3167942
260 1.2442858
265 1.2037474
270 1.1777246
275 1.1780087
280 1.1834964
285 1.0992036
290 1.0195537
295 0.9964079
300 0.99726707
305 1.1041324
310 1.2162999
315 1.3076293
320 1.3538904
325 1.3794507
330 1.4500121
335 1.4246038
340 1.3547003
345 1.3411338
350 1.3761992
355 1.397811
360 1.4661709
365 1.5478972
370 1.5743338
375 1.5544403
380 1.5182155
385 1.4910734
390 1.5500076
395 1.6067145
