0 10.5421295
5 10.489888
10 10.476721
15 10.455833
20 10.437886
25 10.438167
30 10.442013
35 10.430606
40 10.426861
45 10.434947
50 10.421368
55 10.428115
60 10.424182
65 10.426184
70 10.424221
75 10.421474
80 10.425554
85 10.432942
90 10.431001
95 10.41572
100 10.423906
105 10.422343
110 10.427153
115 10.42483
120 10.418489
125 10.427308
130 10.422769
135 10.418948
140 10.422575
145 10.422754
150 10.418502
155 10.424082
160 10.419975
165 10.431338
170 10.418172
175 10.423671
180 10.425917
185 10.417954
190 10.414509
195 10.429881
200 10.4229965
205 10.416319
210 10.423284
215 10.416284
220 10.408394
225 10.419598
230 10.41679
235 10.42633
240 10.42101
245 10.434603
250 10.416367
255 10.421836
260 10.415696
265 10.426063
270 10.416742
275 10.421902
280 10.418498
285 10.408864
290 10.415739
295 10.423039
300 10.420334
305 10.421566
310 10.423472
315 10.418474
