0 9.976695
5 9.746197
10 9.657659
15 9.638143
20 9.62178
25 9.618541
30 9.612308
35 9.623874
40 9.588115
45 9.586546
50 9.602566
55 9.591676
60 9.580532
65 9.585159
70 9.574645
75 9.575913
80 9.583647
85 9.584329
90 9.578917
95 9.570886
100 9.572988
105 9.575014
110 9.578884
115 9.561207
120 9.570537
125 9.537081
130 9.50383
135 9.470124
140 9.45852
145 9.422568
150 9.417668
155 9.4071455
160 9.406655
165 9.403056
170 9.394744
175 9.385103
180 9.395749
185 9.394223
190 9.378573
195 9.375545
200 9.374632
205 9.374294
210 9.369462
215 9.369578
220 9.369618
225 9.373091
230 9.380525
235 9.370442
240 9.364769
245 9.37061
250 9.3614435
255 9.369744
260 9.359201
265 9.359746
270 9.373869
275 9.376089
280 9.363476
285 9.368235
290 9.366571
295 9.373391
300 9.37367
305 9.356751
310 9.348121
315 9.358787
