0 11.872404
5 11.775739
10 11.747978
15 11.773308
20 11.760134
25 11.764596
30 11.753416
35 11.74933
40 11.743532
45 11.744527
50 11.743044
55 11.741309
60 11.737246
65 11.734319
70 11.737596
75 11.73319
80 11.733292
85 11.739146
90 11.739286
95 11.73173
100 11.730618
105 11.740816
110 11.734416
115 11.728592
120 11.730744
125 11.734441
130 11.738397
135 11.729417
140 11.730797
145 11.730262
150 11.729522
155 11.721101
160 11.716667
165 11.717102
170 11.718825
175 11.713098
180 11.704638
185 11.706993
190 11.709448
195 11.711616
200 11.703382
205 11.705882
210 11.707024
215 11.71521
220 11.707119
225 11.712675
230 11.719899
235 11.717697
240 11.716638
245 11.715887
250 11.716528
255 11.717775
260 11.7203045
265 11.714019
270 11.715039
275 11.713585
280 11.7137785
285 11.715002
290 11.711402
295 11.705566
300 11.701926
305 11.709109
310 11.709759
315 11.707993
